Truth
227
33
2
3
161
256
41
5
37
68
100
33
1
1
102
5
6
103
33
33
97
193
10
37
1
163
37
65
33
17
65
84
37
66
193
1
71
133
49
1
98
2
1
97
1
2
165
129
65
105
2
74
49
129
46
99
9
161
33
1
1
1
9
14
161
33
97
34
68
198
5
3
3
2
3
73
193
134
35
42
211
34
36
1
33
171
230
98
1
5
49
5
106
1
67
43
97
33
49
162
256
34
75
1
161
130
5
199
226
34
5
70
1
69
37
2
37
103
26
197
1
132
70
33
129
113
1
145
162
25
166
34
5
136
113
22
225
168
34
166
225
161
33
202
131
40
65
198
68
170
101
2
19
21
2
11
33
85
81
1
169
1
33
2
1
11
37
1
67
114
97
108
35
107
226
256
194
17
1
136
65
5
5
53
9
193
2
34
1
21
13
161
33
161
115
193
73
131
33
9
6
162
3
134
2
2
3
256
4
133
227
33
1
50
98
225
130
256
1
98
129
33
256
168
11
130
97
41
5
73
129
38
45
35
33
41
225
71
2
37
98
109
65
163
54
3
65
33
13
3
4
1
97
7
4
1
65
18
5
101
38
50
256
33
33
256
256
3
99
256
162
105
2
65
71
98
2
34
130
34
33
4
97
67
1
131
206
100
256
33
34
34
35
101
193
1
137
256
1
2
7
1
97
196
35
3
156
3
91
169
33
97
162
133
33
17
4
139
256
1
33
1
34
35
49
34
33
97
101
117
9
4
161
83
33
229
1
130
46
161
35
65
181
241
161
65
5
77
129
1
256
130
36
256
167
136
66
5
5
129
130
33
109
53
40
33
3
9
37
148
1
5
33
68
173
97
9
2
3
139
66
104
256
9
162
181
20
3
5
65
17
73
2
130
97
3
1
1
6
6
102
101
11
65
12
33
3
39
9
177
1
10
34
78
1
107
65
1
97
256
129
5
34
256
3
1
99
80
35
99
53
161
37
70
239
97
65
3
66
1
2
10
37
105
33
10
182
49
3
170
33
1
81
166
17
2
36
2
35
131
34
3
34
6
67
1
2
36
129
65
8
137
132
21
97
194
97
33
130
74
2
65
1
33
131
65
34
172
256
161
193
17
65
129
15
129
14
65
67
161
1
195
200
3
66
1
68
6
9
195
74
35
1
1
41
81
25
114
1
9
34
70
256
225
49
67
256
5
6
99
81
3
99
8
129
33
6
33
33
10
239
33
33
45
45
34
33
33
70
34
256
100
9
37
33
137
131
11
71
161
162
113
1
1
165
35
130
1
101
101
38
193
67
118
2
17
3
149
101
97
2
163
81
35
65
33
19
97
146
65
59
129
177
33
1
10
37
33
82
4
256
37
36
166
17
33
5
1
65
17
4
6
65
70
42
2
131
33
11
178
5
65
34
67
135
97
1
65
41
35
170
34
38
11
65
2
71
181
1
161
11
177
161
34
98
46
37
74
100
98
86
137
33
65
17
210
1
193
1
17
195
5
97
85
130
174
241
33
65
1
129
229
109
226
197
33
99
131
148
101
66
22
80
34
5
35
73
142
2
162
2
33
65
5
37
9
110
133
74
77
38
65
5
98
107
6
100
9
179
34
133
135
97
33
33
1
49
10
10
109
2
161
33
1
161
33
55
97
18
1
77
33
135
65
33
8
256
185
256
10
70
66
37
51
153
1
9
197
68
5
5
129
33
99
5
129
97
115
8
65
2
33
97
17
1
162
105
13
217
1
4
5
97
21
97
9
42
65
5
20
97
1
145
2
70
227
65
195
97
1
33
53
5
100
33
153
65
35
4
18
194
161
7
1
131
1
132
99
6
2
72
33
256
74
34
129
1
165
3
33
6
1
2
33
102
150
83
2
2
69
256
37
35
256
131
73
1
4
256
103
66
256
78
35
33
129
78
35
3
129
65
11
33
3
33
34
38
33
138
65
147
37
68
256
7
25
33
162
66
21
34
35
7
131
98
6
1
193
51
49
37
5
19
81
9
129
97
135
197
69
1
164
175
161
41
4
98
42
6
7
1
33
129
10
33
69
161
9
41
161
33
226
33
1
33
35
1
39
5
69
17
9
1
35
1
113
35
99
1
130
179
35
1
227
67
17
74
33
180
129
33
2
33
35
33
66
6
33
33
123
131
193
162
42
97
33
129
100
234
9
2
50
5
37
69
165
45
66
1
13
34
2
35
198
195
81
1
33
73
2
69
33
45
97
1
33
163
72
209
6
139
2
74
1
33
73
81
1
1
2
162
181
34
1
17
1
33
1
97
33
225
65
75
1
166
33
2
134
99
3
34
1
230
6
104
11
129
102
70
162
34
225
225
1
137
161
33
131
2
36
4
1
98
3
7
193
73
98
69
2
161
65
35
66
34
15
1
2
198
2
1
236
129
97
66
225
106
11
131
33
1
194
21
97
70
5
17
9
69
71
34
103
19
2
10
33
105
101
11
65
15
67
201
77
131
129
33
225
101
6
193
195
34
35
102
129
65
3
57
10
5
33
197
2
3
1
17
21
109
21
10
67
1
23
98
5
101
129
198
38
66
34
18
71
256
34
16
20
69
4
69
3
73
2
168
67
225
70
1
256
6
37
33
33
70
38
71
66
168
256
3
75
5
37
22
1
163
41
69
97
69
161
41
65
129
7
98
34
65
2
9
2
4
165
39
2
17
33
33
66
1
3
69
59
35
65
1
3
256
3
3
99
45
66
119
97
98
5
2
26
129
1
49
2
4
39
37
256
2
6
129
99
1
66
129
33
68
241
33
43
1
1
256
37
35
161
10
35
129
5
133
33
33
65
1
33
1
129
98
41
134
6
65
69
43
65
129
26
7
65
35
129
34
2
57
37
67
42
2
38
33
33
135
2
154
49
1
33
65
5
22
37
39
131
161
1
34
41
91
2
41
1
42
33
2
33
145
2
7
130
1
138
131
13
166
153
85
35
169
1
1
133
5
7
165
193
166
34
35
6
195
1
36
69
6
1
97
33
2
36
161
100
97
148
11
65
193
49
37
256
70
21
200
129
129
33
98
1
1
33
36
81
7
66
129
66
65
75
250
70
38
69
1
165
109
33
41
5
130
33
70
129
13
81
5
10
38
33
6
2
7
15
256
4
38
68
45
1
5
1
92
10
2
168
2
33
6
97
33
3
137
1
256
46
33
65
1
5
33
2
6
65
20
33
65
5
7
38
189
256
101
66
74
68
125
129
37
1
162
4
256
33
41
118
33
34
35
1
5
114
7
98
34
20
105
70
35
129
34
77
162
66
51
2
89
137
25
65
41
34
38
175
2
3
8
41
33
138
66
102
49
135
1
34
7
72
49
35
85
195
9
162
131
177
34
133
65
197
10
137
5
36
225
41
74
129
1
19
33
36
105
51
98
193
53
1
129
129
2
34
137
102
35
1
35
17
101
33
97
10
97
4
18
238
97
33
1
35
17
1
41
1
65
1
102
41
97
1
102
33
33
130
51
35
1
34
65
1
21
34
165
161
197
5
129
146
5
87
20
2
2
11
11
68
2
115
1
72
69
65
35
13
52
98
137
20
49
1
4
65
97
33
1
33
35
101
37
41
1
4
34
1
98
4
98
17
33
17
69
1
99
167
35
256
33
99
37
11
149
2
256
256
9
9
138
130
71
69
40
161
100
193
1
3
33
65
42
33
167
100
129
98
199
71
35
41
193
33
33
70
102
6
49
101
65
133
1
5
34
193
3
33
256
9
98
195
65
97
3
211
205
6
42
233
81
6
1
256
196
97
129
15
34
17
150
98
46
3
165
163
161
5
129
161
256
17
6
69
65
65
35
256
1
1
40
100
67
9
7
41
195
47
82
138
67
33
256
66
130
1
76
209
101
130
37
169
33
194
2
162
10
81
69
2
68
5
105
5
34
103
68
161
238
65
134
256
81
67
99
67
9
38
138
1
1
99
41
50
256
3
6
203
53
130
33
149
74
130
2
35
9
66
197
134
2
129
35
23
161
37
130
2
132
69
6
73
129
35
161
34
132
233
149
130
1
131
193
1
63
34
2
21
40
20
37
37
1
137
161
85
70
33
33
129
33
2
6
35
129
5
33
9
97
37
133
136
130
1
106
164
165
2
4
129
67
101
163
1
35
33
164
67
34
7
195
35
3
33
97
68
6
163
226
194
99
19
256
129
5
76
3
25
161
1
1
193
75
8
65
17
130
70
38
17
35
1
97
33
99
3
82
36
161
167
33
7
33
34
3
74
137
45
33
65
129
5
38
36
41
5
129
35
33
10
65
9
67
10
33
101
195
97
33
1
102
4
50
33
145
129
33
105
1
67
193
118
1
256
2
37
6
21
39
42
6
33
19
1
1
131
27
129
1
33
1
69
1
2
103
101
34
37
164
33
9
39
65
109
2
17
138
3
97
46
35
131
1
34
67
1
34
9
101
5
65
66
34
66
256
177
1
97
7
73
162
131
256
37
97
163
33
33
195
5
1
113
19
100
34
34
67
101
10
34
34
115
4
41
9
137
35
33
141
8
1
13
3
163
73
41
38
102
13
3
142
1
7
22
1
65
3
3
34
35
165
1
7
45
131
36
161
34
7
256
78
98
75
2
98
238
78
2
138
44
68
101
40
39
89
221
98
8
97
129
129
65
33
33
107
49
41
138
9
225
1
35
33
1
2
73
129
256
226
34
70
35
34
36
101
98
36
2
36
1
35
49
65
2
194
4
6
2
38
37
33
256
256
27
36
125
2
121
99
129
41
194
67
34
69
37
4
227
66
70
1
145
66
97
67
2
33
193
25
2
36
81
165
2
115
21
71
161
227
37
49
162
33
34
42
2
19
33
193
44
97
145
105
33
35
39
33
69
97
49
97
97
33
7
2
4
168
17
97
42
106
225
33
73
163
34
33
1
35
162
37
229
67
10
145
33
65
65
137
164
256
5
35
33
256
14
45
75
50
1
5
164
36
193
3
34
34
3
33
77
1
19
35
33
67
136
226
39
113
38
9
29
193
3
129
39
5
1
10
6
45
129
256
33
35
99
23
1
1
44
2
7
131
34
66
33
97
225
6
193
3
35
73
65
256
4
256
37
45
1
5
130
11
163
33
1
97
230
35
1
49
65
33
193
35
75
34
129
97
35
1
41
53
1
1
5
35
33
113
33
6
37
5
1
161
4
3
2
11
3
65
4
75
199
33
1
65
5
37
103
51
228
33
41
66
65
1
99
2
5
256
33
38
6
37
4
139
2
70
130
7
209
34
34
193
2
97
73
193
2
1
33
1
256
33
1
2
1
17
3
33
41
81
256
101
9
129
10
97
225
161
175
65
49
129
34
37
3
1
81
103
2
3
1
65
9
17
197
1
33
65
2
133
39
109
129
161
1
129
2
33
33
1
33
2
5
9
10
65
34
146
33
45
5
2
137
66
149
3
97
65
37
1
2
1
1
97
43
33
37
65
65
69
82
133
161
225
81
82
37
3
69
33
256
9
43
1
4
98
1
35
2
256
34
161
138
1
65
11
34
58
73
5
101
37
112
106
210
82
34
1
129
227
77
1
17
37
12
3
5
114
226
33
256
4
67
65
4
137
73
61
2
26
130
6
97
33
256
182
6
5
132
65
1
66
195
13
3
34
3
129
65
1
33
33
205
1
1
2
161
45
133
33
33
1
36
30
34
162
1
165
10
1
3
113
42
49
21
1
1
33
67
17
193
1
129
49
230
65
35
23
4
5
35
131
51
11
68
1
4
36
4
65
232
46
42
97
65
38
43
65
50
97
250
6
4
99
39
197
129
78
130
135
33
3
97
104
3
86
161
129
36
25
129
42
1
241
1
3
6
129
55
17
229
163
69
65
35
11
163
34
1
65
167
2
10
45
23
1
65
256
35
35
5
1
170
34
1
69
2
129
33
34
65
1
2
3
225
256
1
10
168
131
1
7
10
5
113
1
5
17
129
97
3
1
85
161
69
4
1
42
177
1
134
1
167
49
161
65
1
101
5
1
65
33
33
34
129
41
131
50
8
113
17
51
1
232
132
23
147
4
33
20
193
34
1
35
18
2
114
129
99
5
256
36
37
33
3
202
1
28
161
35
129
65
256
161
18
69
20
1
33
1
35
50
33
73
18
35
18
3
66
33
38
36
1
1
5
5
97
98
41
37
1
174
33
73
66
156
1
4
206
1
89
1
1
129
3
1
41
34
231
33
139
129
129
1
73
175
17
1
33
33
97
73
71
35
1
25
11
129
73
133
1
6
25
195
256
37
39
70
2
37
132
161
45
6
1
1
1
33
33
5
33
14
3
161
85
35
193
3
49
34
256
4
111
10
25
35
82
44
9
135
3
170
2
70
5
1
4
68
101
164
3
11
37
1
73
25
4
51
35
129
18
149
7
1
214
35
105
37
173
18
63
129
97
87
163
1
65
8
33
1
37
146
129
1
166
35
118
33
4
97
5
2
37
129
161
3
33
225
65
34
34
154
65
229
225
1
162
5
33
65
81
229
2
256
66
227
1
2
2
7
106
86
5
33
193
1
41
3
34
227
1
65
33
33
129
1
66
1
65
1
10
39
193
18
34
2
41
1
99
35
72
134
1
162
10
131
65
1
67
14
193
40
142
162
6
197
101
161
98
14
41
65
6
33
145
225
18
11
67
68
118
9
106
13
2
65
38
67
98
66
133
2
5
97
17
1
37
134
69
3
3
33
35
91
195
3
3
33
1
71
70
67
2
35
161
193
161
162
34
35
104
4
56
1
1
70
3
193
35
1
163
33
3
164
37
35
1
9
13
33
66
17
49
1
97
1
18
44
135
73
13
97
129
36
19
17
1
18
227
1
203
2
49
33
171
146
251
33
71
249
135
34
202
5
53
129
68
33
34
256
36
13
105
19
195
1
69
2
1
3
193
33
34
34
18
39
225
65
1
59
98
39
6
83
5
129
72
21
68
129
66
1
65
113
38
113
1
69
39
1
20
41
1
193
63
225
27
1
37
133
42
1
133
35
37
225
85
229
129
3
35
6
21
49
9
1
33
33
2
163
171
50
73
73
83
67
48
3
1
65
34
42
67
2
97
229
66
65
69
113
1
5
2
256
9
34
14
34
98
1
35
4
8
133
75
33
75
4
100
105
33
21
167
65
53
81
42
35
139
101
6
50
1
37
193
33
2
66
108
193
5
225
11
42
1
1
1
130
77
234
6
67
35
35
2
66
34
3
1
1
2
42
163
7
151
1
37
70
177
97
34
7
34
70
129
195
1
65
97
1
256
225
34
2
193
73
3
100
178
1
137
114
6
81
37
35
56
227
193
85
1
34
77
7
33
35
1
1
1
229
193
24
21
2
70
9
1
1
114
134
34
33
1
33
42
50
256
4
9
1
1
33
225
3
35
67
38
38
39
1
98
42
1
35
2
97
177
33
3
200
38
113
71
37
49
49
16
37
256
97
163
161
34
1
5
34
34
113
71
49
71
162
164
6
2
98
2
35
1
70
34
97
1
165
1
171
33
1
66
256
33
5
99
129
70
1
36
49
34
129
100
33
199
37
49
2
169
2
195
66
98
3
134
65
137
97
102
38
7
65
70
33
195
229
69
35
1
33
182
130
34
17
33
33
98
165
101
1
81
44
5
256
130
42
74
11
65
1
34
113
1
163
1
161
1
1
99
1
35
8
65
169
11
5
130
33
1
33
1
1
98
162
2
97
2
256
65
38
101
193
129
42
2
6
256
98
161
1
97
256
17
16
225
1
37
130
68
3
3
65
1
38
2
170
33
161
68
54
65
138
135
35
3
38
151
2
65
5
103
15
38
102
256
37
2
33
101
1
75
69
135
2
34
34
3
71
73
34
1
2
9
33
72
4
129
35
129
42
33
67
105
66
102
39
97
1
230
34
194
33
37
38
14
145
21
5
3
3
98
146
43
166
33
97
36
3
36
21
49
99
35
33
49
40
65
81
162
3
14
256
161
1
35
195
1
197
147
65
65
162
163
10
86
11
114
41
33
2
40
161
2
35
75
226
65
130
70
103
65
5
66
3
50
65
65
2
1
36
33
65
24
2
134
162
98
33
129
37
133
101
97
195
69
33
9
163
101
33
10
194
113
129
97
3
33
1
33
34
4
37
230
6
130
235
194
65
67
1
82
41
18
33
33
65
98
70
1
51
33
13
1
5
33
7
36
98
49
1
1
9
41
33
2
2
3
34
5
28
1
65
1
66
37
161
75
43
4
135
1
37
1
165
201
45
227
2
33
39
165
66
33
53
70
13
162
3
1
132
148
187
68
1
130
67
41
2
2
130
193
73
256
33
34
1
2
2
7
69
129
49
2
230
109
66
193
3
256
169
113
41
10
165
193
161
66
43
34
1
101
1
76
129
2
170
33
67
9
1
33
1
33
137
33
29
33
129
34
36
37
65
241
161
2
33
97
97
3
129
2
82
33
162
35
65
34
33
1
34
1
33
18
3
101
193
25
33
182
67
123
39
129
7
14
99
17
23
193
33
2
151
23
34
65
42
34
1
129
34
68
82
186
52
5
66
99
138
34
171
97
1
38
69
33
33
73
34
18
163
10
65
34
256
197
3
65
66
130
49
131
165
256
3
98
138
91
67
33
138
8
2
34
38
39
33
37
256
5
193
25
178
74
162
234
34
91
65
5
9
66
38
2
9
162
3
35
1
1
6
5
4
1
33
68
132
42
1
11
193
137
65
10
26
74
17
5
129
37
1
33
19
37
99
97
37
2
171
230
100
34
97
29
66
66
9
147
1
225
33
130
3
2
3
204
105
72
3
67
130
130
131
98
1
1
100
256
2
141
33
162
256
37
43
33
17
162
35
34
41
34
37
69
33
13
9
1
37
1
82
97
5
256
7
66
66
1
162
66
256
123
1
67
34
65
66
5
5
2
11
33
129
1
130
195
166
65
1
34
75
24
1
66
6
161
34
135
129
77
97
11
1
1
193
33
162
50
53
195
97
33
17
1
65
49
42
34
2
97
33
4
105
65
5
21
256
67
9
5
39
33
33
1
34
33
225
5
1
164
1
138
1
1
102
146
129
5
54
129
37
132
101
3
1
1
129
165
5
5
34
2
3
2
74
38
256
69
39
1
100
231
161
5
55
69
75
54
3
65
74
256
1
123
22
49
1
1
233
75
83
7
36
114
35
198
12
198
2
33
1
3
138
226
36
225
1
21
66
33
81
99
164
34
36
161
1
256
67
131
42
103
95
73
129
133
19
65
99
98
168
1
65
100
101
5
49
195
256
1
97
69
113
100
97
98
256
107
98
17
33
66
38
83
1
16
1
38
41
123
74
97
130
69
65
66
1
5
161
37
33
37
1
39
3
172
130
66
17
198
146
25
100
3
77
97
85
129
49
3
33
17
33
115
33
75
194
67
2
83
3
97
3
40
130
34
129
97
256
21
34
67
177
97
69
34
105
5
98
97
256
70
6
66
6
1
2
21
211
129
33
6
41
4
34
129
73
34
49
256
33
33
1
256
66
9
37
9
17
143
33
137
1
1
34
68
256
9
1
35
69
162
237
138
1
9
6
33
97
177
17
33
1
65
44
129
1
33
85
37
6
69
129
177
4
49
98
9
11
99
65
256
1
33
2
4
2
18
148
167
67
97
161
161
162
1
97
161
1
161
65
8
225
1
9
38
102
1
162
1
65
34
33
39
33
33
5
256
2
17
1
193
1
161
5
194
229
16
9
129
63
2
4
31
256
97
4
182
36
193
6
70
4
123
54
33
133
4
1
135
5
33
256
204
9
2
2
18
11
65
65
102
41
1
1
100
4
36
116
130
93
102
1
6
69
196
6
101
17
10
131
225
85
38
101
68
43
70
97
69
3
34
37
130
137
85
17
36
66
4
2
225
139
33
10
42
35
36
34
34
7
33
129
49
100
227
144
98
163
21
5
4
97
65
33
177
133
165
33
65
37
6
1
42
74
36
1
69
9
114
33
5
74
226
33
1
31
164
65
256
81
97
1
161
34
37
256
98
67
69
115
146
1
35
42
65
73
97
256
34
71
39
35
97
104
34
5
5
65
65
43
41
2
165
229
66
104
1
1
256
75
43
1
97
97
161
162
66
39
33
256
34
69
7
4
97
25
69
36
50
21
2
103
1
2
45
74
145
1
1
19
119
97
256
193
66
129
210
3
5
109
97
35
50
35
113
256
33
5
33
33
34
133
227
80
129
97
25
129
17
33
65
70
98
5
101
97
149
3
70
1
197
36
1
33
2
179
35
72
98
1
33
33
34
2
33
256
165
256
33
49
102
73
37
101
2
39
105
8
2
99
73
37
256
2
117
67
33
165
38
97
193
43
97
33
3
198
150
98
33
6
42
137
38
65
3
193
65
3
2
101
137
5
5
34
2
113
1
37
1
73
49
69
5
234
256
77
139
34
2
18
66
130
35
256
130
18
5
65
1
34
69
1
1
65
33
256
34
8
1
45
193
14
197
34
5
33
196
2
70
164
65
161
66
97
9
1
1
9
144
182
68
3
4
2
36
33
97
1
129
1
42
65
65
35
1
6
66
65
42
81
42
37
1
33
68
165
36
105
42
1
34
175
33
137
225
226
34
17
2
34
35
2
50
4
41
5
68
37
1
33
106
98
129
38
107
8
2
162
2
65
225
3
1
1
66
69
65
3
2
139
34
1
33
186
104
8
65
1
161
163
43
37
33
33
178
33
171
5
1
13
1
227
3
2
1
204
97
1
81
1
1
5
6
1
33
2
37
4
43
65
9
105
4
2
2
36
89
141
2
1
66
27
3
17
66
256
70
76
97
33
33
37
1
161
67
66
109
256
2
67
68
42
69
33
161
3
97
193
1
49
2
97
6
74
100
256
1
65
161
65
161
33
65
27
5
10
113
98
12
2
130
135
153
1
14
98
40
51
37
115
101
1
1
38
3
66
76
166
207
3
164
33
67
75
66
3
6
54
22
41
129
1
66
7
65
161
9
16
33
34
11
1
59
1
147
49
129
33
97
36
182
39
3
72
256
65
161
69
4
66
49
229
10
5
52
66
2
7
23
1
1
21
74
27
33
6
2
33
38
3
1
35
1
161
40
70
97
1
3
151
131
2
33
3
36
179
49
162
65
1
113
35
1
19
1
65
77
33
256
145
65
9
33
71
68
35
45
162
65
33
86
1
3
6
58
2
33
166
129
2
65
4
81
33
34
35
132
231
3
37
129
33
193
33
1
49
1
33
34
101
97
33
131
115
34
162
37
41
67
2
163
1
11
33
73
45
29
82
2
15
1
5
129
197
3
66
98
33
114
1
33
33
66
33
2
256
7
161
43
1
196
65
213
241
98
1
16
2
148
10
163
39
2
66
256
23
226
72
97
85
1
65
81
226
12
6
129
233
65
34
39
101
13
33
2
123
130
69
6
6
105
134
33
68
256
2
35
67
17
9
2
2
1
68
161
10
256
146
37
6
76
34
81
2
256
256
17
33
2
1
69
33
50
161
5
38
97
9
33
9
105
99
256
33
33
38
129
89
33
41
101
3
25
104
10
21
256
2
129
33
185
1
35
256
11
113
1
194
115
51
6
130
13
193
129
34
34
71
98
2
33
40
10
135
131
67
105
5
102
17
11
1
1
97
12
4
105
65
69
46
11
41
2
8
100
97
1
1
161
100
34
9
21
36
2
256
14
66
33
81
10
67
165
170
35
21
34
99
21
5
70
129
5
101
66
10
1
97
97
194
98
33
18
162
130
69
130
25
33
256
229
2
3
135
1
73
17
7
39
5
2
69
145
162
66
65
59
99
113
67
1
193
162
132
38
3
194
37
33
33
1
65
73
33
33
39
74
48
2
2
98
9
3
2
25
40
65
161
1
130
34
256
17
2
33
49
130
65
3
49
98
5
16
131
34
73
2
7
10
12
198
77
9
1
8
114
256
83
65
33
1
34
43
17
1
1
256
193
33
6
97
2
98
204
133
1
65
2
131
49
115
2
197
65
2
81
50
137
198
3
1
37
71
65
1
33
99
33
17
65
33
6
33
6
33
194
33
37
17
131
50
6
121
37
256
2
256
101
8
162
1
69
101
1
3
33
66
67
256
26
37
66
34
38
3
25
3
162
5
74
39
2
37
8
1
130
37
16
41
163
136
99
97
241
197
45
16
34
9
1
25
101
1
129
1
36
129
193
37
41
199
256
2
135
65
4
101
65
99
2
33
17
3
34
194
197
1
129
3
97
67
33
100
225
161
83
99
107
243
97
65
6
161
129
129
256
137
1
1
99
69
2
227
82
129
13
20
99
3
134
105
65
256
33
73
99
2
33
33
39
10
256
196
5
33
98
130
33
33
1
33
165
38
2
49
161
129
1
8
168
256
33
3
111
3
21
178
17
2
6
33
195
1
106
65
173
69
65
1
33
17
2
135
101
4
162
135
3
256
164
97
130
50
135
35
67
51
33
256
8
227
201
1
2
97
6
68
149
36
2
1
1
97
10
68
36
54
37
33
2
6
256
165
7
65
3
2
65
1
4
98
70
17
34
6
18
34
72
35
10
131
65
242
98
33
33
35
2
35
33
151
1
17
66
73
129
130
1
225
167
2
256
97
210
9
17
49
5
2
163
131
5
10
130
12
10
34
33
3
65
229
86
34
82
3
45
65
161
33
162
99
4
2
37
1
162
256
100
1
69
37
21
164
73
70
45
35
226
97
146
17
4
33
34
2
45
1
65
66
166
2
10
33
10
51
37
66
15
65
97
1
101
227
37
41
97
74
123
11
129
35
130
1
145
33
161
1
2
41
33
129
1
36
3
195
5
37
161
145
97
33
66
41
73
33
33
2
6
99
2
34
97
55
33
35
66
163
1
2
97
5
9
8
36
69
5
256
15
113
65
6
256
101
1
41
35
33
2
2
17
131
1
35
99
49
97
65
99
2
2
54
100
6
3
2
43
33
170
70
35
33
1
1
99
229
137
225
38
177
6
65
9
6
123
9
65
33
33
225
256
129
34
65
225
9
35
1
2
3
35
6
74
89
4
163
65
35
33
9
1
105
6
130
11
13
34
68
2
230
33
10
105
193
5
17
1
33
1
256
83
137
102
100
99
97
161
117
29
34
35
129
1
105
164
33
10
2
35
5
162
3
82
256
1
52
132
102
7
2
23
5
162
25
66
74
67
129
5
11
1
5
17
165
33
33
18
65
5
1
196
65
3
33
83
35
37
1
37
49
99
256
65
38
137
1
2
68
2
100
256
9
1
65
42
1
167
35
162
33
1
34
3
71
65
1
129
65
1
3
1
1
38
7
78
35
3
5
65
6
129
65
65
97
36
1
198
2
105
163
81
45
33
130
133
4
65
35
2
169
33
129
194
35
66
37
3
51
101
148
43
164
1
98
17
130
33
65
256
34
1
97
82
67
33
97
47
1
129
5
19
2
3
34
13
37
256
256
85
65
99
70
1
2
9
1
101
45
68
1
161
2
35
193
23
198
69
33
1
73
1
12
3
73
66
101
195
33
67
34
1
5
113
5
68
231
97
5
133
98
33
99
33
1
74
163
162
33
105
162
229
5
51
3
53
2
34
8
81
97
161
99
69
225
130
1
1
145
1
2
6
15
65
161
1
11
99
17
65
75
162
97
2
36
33
193
1
49
161
9
5
37
68
54
9
33
2
69
225
198
65
2
5
225
4
129
40
34
33
6
3
99
67
49
1
33
1
12
3
1
1
105
9
3
129
41
4
9
17
2
9
35
33
134
33
65
1
33
34
131
129
1
36
5
39
97
19
74
256
33
1
33
33
2
121
1
1
1
34
33
197
3
162
256
7
89
133
147
33
69
226
65
36
167
101
117
109
43
86
131
3
3
113
73
37
130
1
41
164
193
3
100
1
33
97
256
129
1
1
3
33
113
3
49
145
3
129
69
145
33
4
5
97
65
65
113
5
93
33
35
54
34
138
67
3
161
1
66
5
65
35
1
256
9
5
129
256
69
7
75
198
67
81
35
98
1
3
33
5
67
13
1
39
106
2
69
5
146
36
1
226
35
68
5
37
34
38
129
34
2
177
34
81
66
69
231
201
25
9
97
41
2
1
67
6
1
35
129
33
66
1
38
44
6
1
14
5
69
12
41
33
171
167
70
249
2
65
33
101
82
33
71
1
1
161
33
68
41
1
168
12
1
1
256
34
19
6
256
4
131
256
166
3
33
1
256
68
66
101
34
1
138
193
1
165
35
98
1
2
1
113
2
73
50
35
3
53
129
162
6
39
133
129
4
86
1
2
2
49
133
1
19
45
66
67
2
194
99
98
1
131
2
147
33
1
17
36
41
37
2
241
34
41
66
1
33
161
33
3
102
33
44
73
26
73
1
69
97
97
42
33
6
197
97
71
6
2
51
34
65
3
197
225
37
36
68
45
194
13
66
129
65
1
3
45
256
22
256
103
73
66
65
9
2
65
37
65
33
49
2
186
2
162
34
256
17
109
133
37
37
101
33
5
1
73
131
1
33
9
19
74
21
1
162
65
95
39
1
33
100
11
123
1
3
161
11
2
1
1
35
57
73
66
1
12
162
100
121
114
129
161
66
129
3
102
9
4
148
97
37
198
1
2
2
73
69
66
1
1
233
53
33
129
17
37
137
46
130
9
74
1
49
33
35
37
97
81
130
33
161
26
1
37
39
41
35
103
195
8
33
4
5
256
3
11
33
21
146
105
65
49
1
2
1
33
162
97
129
34
162
5
66
38
1
39
105
5
9
17
166
198
2
186
33
37
35
1
162
1
3
41
41
5
2
2
135
97
98
67
4
97
135
33
2
1
33
1
12
256
9
198
193
55
23
132
7
2
68
33
66
9
97
1
1
41
65
69
175
99
134
97
33
34
49
132
1
1
1
70
3
230
2
21
50
256
33
6
75
45
33
162
33
1
1
1
138
225
195
1
116
68
33
2
101
65
65
97
1
97
129
65
7
49
1
1
7
97
33
139
7
9
97
186
1
131
67
97
33
1
193
34
75
44
1
75
33
102
51
3
97
69
86
33
103
66
66
256
3
1
101
1
5
65
97
209
65
2
11
33
105
34
3
65
41
228
1
2
33
17
195
65
194
49
8
173
97
100
6
54
79
66
148
3
67
36
193
133
4
33
9
42
11
34
161
229
1
131
9
36
2
129
256
21
9
171
33
68
33
115
1
19
3
33
34
2
256
41
45
3
130
17
1
197
129
73
34
6
41
33
79
129
2
129
1
195
193
33
1
137
9
12
99
10
19
12
129
33
17
129
161
42
2
41
35
1
66
6
2
17
49
40
65
3
12
69
1
69
76
2
11
98
129
6
5
35
5
2
193
73
49
163
34
138
65
3
97
225
41
130
34
66
33
1
65
99
165
132
120
72
41
1
36
97
30
65
3
233
20
97
104
195
5
7
69
97
3
34
203
70
195
34
51
39
3
1
99
82
193
17
38
66
67
225
193
66
41
1
33
6
201
36
193
182
109
36
166
1
9
38
5
33
24
132
1
20
161
3
44
9
34
5
83
1
179
130
33
205
133
4
193
35
229
14
35
3
2
195
1
9
6
256
33
5
1
66
132
6
1
70
65
130
129
2
130
1
97
1
1
11
33
5
33
226
38
2
5
2
50
33
1
130
256
129
25
225
65
33
1
66
105
11
37
161
49
256
65
2
65
69
3
65
38
1
76
21
65
186
3
256
6
10
35
4
1
195
33
109
102
66
45
5
51
1
1
3
33
97
226
1
6
65
78
33
43
256
34
3
35
1
67
194
225
35
161
41
1
30
130
6
1
195
1
34
129
5
5
11
39
98
97
65
3
98
34
161
131
65
130
1
256
129
33
228
1
43
37
18
198
44
9
1
54
99
35
2
129
227
9
65
1
165
2
2
98
97
7
1
2
37
33
97
37
33
225
1
33
163
1
33
1
9
6
65
181
138
1
256
33
5
33
100
101
133
130
256
65
101
1
129
1
169
162
102
2
22
1
1
2
19
66
33
51
37
1
105
2
50
3
33
5
33
33
33
256
97
66
41
34
81
1
4
161
3
161
129
70
134
67
9
67
97
131
6
161
81
1
33
1
256
195
198
33
2
169
1
198
129
34
137
5
20
6
45
130
81
6
131
91
129
33
1
65
35
146
8
15
6
195
6
45
3
22
81
3
34
194
10
4
129
49
66
67
17
4
2
66
67
194
17
11
2
114
33
143
38
149
5
2
177
1
256
34
132
37
22
34
82
193
175
113
33
168
65
61
1
33
34
81
69
256
146
97
153
38
101
1
161
75
161
33
1
161
193
2
5
65
1
65
17
129
161
161
7
130
34
133
5
1
33
1
35
1
5
193
134
33
36
35
33
1
33
153
1
1
65
193
168
51
65
102
133
71
1
33
34
33
113
5
5
129
37
2
225
108
65
33
101
5
45
33
65
164
6
113
77
35
2
41
71
129
65
129
1
102
1
2
67
73
136
134
2
130
2
33
65
2
101
34
229
1
33
65
12
2
130
6
43
65
33
24
5
161
54
97
6
98
21
2
256
36
6
163
5
73
35
33
116
131
65
5
8
76
57
6
131
53
6
4
2
65
193
33
1
1
13
34
106
256
33
38
256
4
6
1
231
227
1
37
175
33
65
105
44
67
65
65
227
97
65
65
66
1
4
1
161
5
35
11
130
34
13
1
256
9
33
41
256
238
35
193
1
6
46
129
1
256
53
19
4
194
66
137
52
163
39
4
229
130
17
161
193
65
1
131
3
97
2
49
1
37
35
37
3
100
225
44
2
65
6
81
2
17
165
41
5
9
8
65
98
33
1
165
99
193
33
194
114
3
113
65
38
166
23
33
69
130
26
101
141
107
33
132
99
10
33
1
18
225
98
73
228
41
1
36
65
199
42
68
2
38
256
104
225
2
1
5
137
1
66
1
1
65
3
11
83
1
35
6
19
35
33
33
161
1
66
65
65
17
5
39
33
34
1
6
9
4
256
1
7
186
39
256
3
9
1
2
37
1
20
35
17
15
225
130
6
193
17
38
225
34
18
132
34
77
37
65
1
19
42
189
37
5
82
145
256
9
3
9
3
256
98
97
181
69
117
256
82
85
73
97
5
9
40
106
225
131
97
2
4
65
39
161
1
147
5
9
1
33
71
169
70
1
5
33
2
225
69
1
33
1
256
5
19
33
17
97
194
2
77
256
34
161
147
10
73
229
42
1
67
5
1
6
35
34
1
37
86
113
9
42
129
1
65
129
37
81
165
37
34
2
34
53
1
45
65
1
3
65
97
163
41
18
1
129
33
5
33
33
100
73
113
41
3
38
1
3
133
33
1
1
6
39
49
101
129
21
68
133
74
7
162
1
33
1
35
11
71
115
9
1
65
256
129
7
1
130
130
97
4
1
1
256
97
1
113
232
35
43
148
105
17
4
65
33
66
19
34
161
3
7
130
101
69
1
114
2
199
33
6
1
9
17
5
67
33
2
2
113
1
130
20
37
194
72
78
19
15
4
106
226
161
167
193
34
26
1
60
138
84
161
167
5
193
1
3
133
41
256
34
97
53
85
9
12
179
35
105
33
9
1
195
34
1
7
98
4
5
256
1
2
33
194
67
25
5
97
65
41
27
3
256
256
65
16
138
1
113
18
38
65
256
37
39
53
97
5
71
65
10
107
51
1
66
65
101
194
132
35
193
73
161
2
66
256
161
201
2
230
190
65
33
1
256
33
10
133
33
256
33
3
97
193
65
3
177
5
71
11
10
3
18
1
1
232
230
105
65
34
110
2
2
130
45
256
37
73
7
256
170
65
17
42
161
24
105
256
193
65
189
134
66
129
4
162
35
163
20
66
33
146
34
21
130
4
37
97
1
11
17
5
161
4
17
5
1
5
47
1
73
139
2
256
101
38
33
67
84
33
37
117
1
66
33
1
7
36
97
37
67
137
3
49
38
8
39
147
33
9
3
197
69
6
42
70
177
33
99
1
1
1
33
129
38
225
98
129
1
1
14
74
34
5
33
4
135
33
27
109
99
130
9
65
116
42
1
256
35
3
228
1
2
49
1
98
35
36
6
70
35
81
105
7
129
37
11
4
35
129
66
3
19
11
1
256
34
71
33
49
43
33
194
193
256
34
17
209
1
23
97
97
69
179
129
256
98
2
34
3
98
1
67
1
3
69
52
65
33
1
35
33
85
161
101
3
18
130
1
1
65
73
1
2
41
1
89
3
194
38
7
6
161
98
65
97
129
107
35
43
49
113
164
37
83
101
102
4
66
34
33
11
36
163
66
129
43
163
38
73
101
243
227
65
66
129
69
4
5
2
38
97
35
33
19
73
68
165
34
65
161
65
39
2
6
2
165
97
33
2
34
149
97
33
65
1
2
37
1
58
3
33
1
33
1
1
225
34
2
76
9
213
73
1
101
53
34
256
38
98
41
201
1
77
11
66
129
130
173
182
132
1
34
45
1
33
37
66
42
123
97
35
137
195
163
34
197
5
138
74
38
1
36
230
132
165
9
5
1
7
256
33
37
73
69
68
15
25
129
5
2
47
129
117
5
193
1
34
41
2
34
81
33
1
1
2
69
6
193
238
1
36
256
37
194
129
67
34
131
226
34
34
33
74
256
33
2
33
33
66
13
36
1
161
66
50
4
8
9
129
33
80
10
13
1
11
33
100
2
1
34
11
100
34
81
36
101
129
73
163
3
34
113
40
70
239
8
225
34
33
33
34
81
37
18
65
137
132
133
241
5
5
6
2
161
82
4
41
4
49
2
163
97
6
2
227
35
97
101
199
5
138
33
102
133
3
129
226
8
66
99
65
105
7
65
2
69
67
99
34
97
97
99
161
165
107
13
2
65
17
37
2
2
37
134
33
18
198
11
41
25
97
73
19
122
1
129
9
98
33
1
36
1
198
1
230
163
10
39
12
256
10
83
98
65
131
69
1
34
3
34
65
65
65
85
73
129
66
33
2
65
35
82
37
193
1
194
161
8
256
113
97
1
33
33
35
34
196
133
168
34
33
20
131
37
33
35
2
1
169
130
2
227
101
35
50
97
1
138
38
37
7
119
130
2
97
33
71
100
25
37
34
97
39
1
256
1
247
225
35
34
161
33
82
35
1
66
9
229
2
5
161
4
2
34
3
211
256
33
33
65
2
193
253
35
1
39
33
1
44
129
68
1
101
162
33
70
1
256
37
67
33
38
17
1
130
256
1
4
163
33
36
35
185
99
65
17
93
65
1
256
225
1
20
36
115
193
18
17
166
5
21
38
2
9
67
5
66
33
33
1
162
6
74
17
1
65
41
3
138
131
105
7
54
33
5
65
41
66
1
67
161
57
129
33
35
67
34
102
42
163
197
67
38
102
5
33
13
13
139
97
33
129
131
33
18
65
25
162
97
209
6
41
3
34
3
202
129
156
132
33
69
11
66
5
3
33
130
73
69
33
1
33
34
35
17
44
33
99
99
130
65
2
33
36
2
3
33
71
36
2
129
1
1
138
65
65
33
4
1
1
175
256
49
65
68
177
9
169
34
11
72
2
65
22
41
98
65
1
71
15
38
19
1
256
33
33
99
4
4
36
135
1
2
130
161
201
1
66
137
3
105
1
98
33
256
33
1
163
2
13
65
69
36
85
9
44
1
1
151
1
34
68
193
129
3
45
68
65
33
37
25
100
134
5
45
161
163
66
201
33
129
67
145
100
256
1
1
93
50
35
69
69
250
89
6
104
102
11
101
11
200
225
129
100
2
6
33
161
170
2
3
7
41
101
37
67
2
33
1
44
67
1
35
3
161
129
133
256
9
162
1
6
129
3
175
40
1
106
5
1
6
65
2
97
129
133
41
97
10
1
66
33
105
1
1
164
1
33
17
97
65
34
41
3
1
65
134
68
99
66
83
1
65
33
20
65
202
19
130
1
101
229
97
5
37
33
163
6
131
66
33
65
97
18
125
73
37
241
256
34
256
3
65
101
71
113
9
33
3
1
27
1
10
167
161
33
2
177
81
33
34
33
132
161
2
204
10
9
162
133
36
37
10
69
33
11
34
45
105
9
5
35
227
33
8
2
39
148
119
9
1
50
161
101
131
65
65
97
163
129
3
98
10
78
62
34
1
82
7
43
134
33
1
131
5
9
41
129
65
19
42
36
234
162
170
1
37
3
97
6
7
6
65
1
65
256
138
99
1
1
4
34
256
2
10
81
33
115
2
69
129
9
1
129
99
76
98
3
21
4
164
37
256
256
35
66
38
243
8
230
86
161
129
1
1
26
33
195
65
33
1
81
105
168
198
129
1
66
33
4
171
44
38
1
161
53
73
1
169
97
49
69
138
1
20
1
33
2
101
1
151
68
69
17
227
49
36
133
33
33
49
204
1
41
5
17
33
53
41
1
6
135
5
161
193
7
3
10
5
77
1
133
1
3
36
106
161
18
65
65
18
81
83
1
66
3
81
36
173
193
11
42
161
130
1
2
6
101
170
33
36
65
34
98
6
1
35
5
39
11
69
97
33
1
57
35
256
225
1
1
161
66
36
5
123
33
9
227
33
221
17
34
1
69
66
1
37
1
1
98
1
65
9
18
256
36
2
165
193
66
138
65
33
193
133
17
130
228
226
133
1
1
68
100
103
129
3
195
7
33
37
1
65
65
173
256
50
65
3
99
235
34
1
65
17
33
37
67
2
1
67
161
65
34
130
33
256
3
233
73
133
2
3
256
34
35
1
48
162
66
202
4
193
67
226
34
129
50
49
33
85
34
98
256
2
256
34
36
33
1
129
5
177
38
5
71
60
7
129
70
106
2
40
1
135
3
169
63
101
75
33
34
4
73
65
12
35
33
33
133
65
5
256
97
68
256
5
65
140
11
9
35
2
5
1
33
21
1
101
18
41
33
129
156
1
1
33
162
113
17
256
86
19
131
33
97
6
134
161
1
18
67
97
65
98
9
33
33
8
38
1
2
130
46
33
46
65
37
82
34
2
133
76
6
40
195
37
38
7
3
43
5
33
3
10
1
130
34
98
38
44
1
67
256
7
50
161
1
199
2
162
22
33
36
97
97
2
107
35
37
256
1
129
162
2
86
141
33
74
5
130
7
2
34
46
3
1
226
73
50
6
5
129
34
41
13
81
1
226
67
33
139
69
33
17
103
97
39
226
133
55
177
55
7
163
131
36
195
35
2
161
1
249
3
256
1
65
149
131
13
34
25
20
236
161
129
98
134
36
101
131
50
163
256
1
49
1
3
5
1
4
165
73
1
130
9
98
39
17
1
163
18
162
36
129
1
1
1
66
165
34
2
13
129
1
15
225
33
1
33
41
35
129
97
2
49
3
34
3
49
129
5
49
1
1
97
97
34
81
38
6
35
3
161
1
41
131
129
65
41
97
17
33
33
105
54
1
162
2
21
9
3
193
81
256
182
226
256
229
6
65
56
66
33
33
162
53
3
161
3
33
47
65
4
17
199
163
65
67
33
173
3
45
1
46
228
76
33
146
73
11
1
37
1
130
161
67
2
33
41
65
139
33
17
135
113
33
65
89
33
105
1
130
67
37
101
37
4
5
1
106
196
17
130
129
33
3
33
130
37
34
131
35
37
2
34
6
167
97
1
45
226
35
200
106
7
256
41
197
195
9
35
35
256
1
33
256
145
132
197
256
34
37
182
97
65
66
5
2
65
9
2
1
161
39
2
131
2
98
100
73
1
162
35
9
5
37
65
65
65
33
5
35
98
9
102
137
233
1
193
130
38
5
5
5
97
129
98
133
1
36
256
35
179
65
100
33
1
6
65
20
2
4
9
226
65
1
129
116
2
198
9
243
104
34
66
34
53
37
97
99
71
9
34
33
98
49
47
97
37
1
1
1
33
130
38
3
1
50
35
3
231
35
100
39
161
100
79
170
41
17
65
129
33
81
256
39
2
41
9
153
6
113
1
9
85
33
6
36
35
193
73
37
256
71
134
33
5
5
69
1
68
37
5
4
3
133
1
11
165
9
133
33
98
99
133
49
33
33
170
129
77
81
1
229
10
139
2
34
65
19
41
49
34
34
5
36
256
1
197
1
33
1
2
1
33
101
59
5
113
3
41
256
256
1
2
33
33
33
38
131
3
1
34
256
33
105
65
26
67
5
77
65
38
129
65
2
38
33
162
138
33
99
97
256
35
81
165
9
66
70
113
225
33
1
7
98
227
198
77
130
21
59
2
37
149
141
5
107
256
98
2
17
102
35
1
178
99
2
225
3
41
97
33
115
35
98
51
162
34
35
33
106
66
114
75
129
11
37
34
65
256
33
35
65
3
98
99
1
102
201
136
177
65
38
51
256
57
5
7
3
3
97
101
1
67
89
162
114
35
45
9
33
22
226
34
79
97
5
66
6
65
132
40
161
1
161
1
106
67
256
33
21
9
97
67
14
135
36
1
66
42
1
178
102
49
133
81
1
10
33
33
102
68
36
169
34
1
34
6
51
113
33
4
65
145
185
193
33
37
38
33
9
2
133
46
35
33
33
91
6
123
2
161
99
39
129
66
198
193
82
162
35
169
7
98
72
1
101
75
9
3
73
35
25
37
65
